#  Region type : all 
#       Cells  : 2349
#       Volume : 3.7500000000e-01
#            Time	weightedVolAverage(H2)	weightedVolAverage(CO2)	weightedVolAverage(CO)	weightedVolAverage(N2)	weightedVolAverage(H2O)
                1	4.4638232119e-03	6.4981337903e-02	3.1018161294e-01	6.2036322589e-01	1.0000052000e-05
                2	4.4635941260e-03	6.4989009913e-02	3.1017513086e-01	6.2036040366e-01	1.1861442407e-05
                3	4.4633644932e-03	6.4996673876e-02	3.1016865341e-01	6.2035758057e-01	1.3727654137e-05
                4	4.4631689879e-03	6.5003849035e-02	3.1016264267e-01	6.2035503209e-01	1.5307212701e-05
                5	4.4629960252e-03	6.5010692916e-02	3.1015694452e-01	6.2035266923e-01	1.6697307750e-05
                6	4.4628339729e-03	6.5017333450e-02	3.1015143368e-01	6.2035040245e-01	1.7996450451e-05
                7	4.4626766088e-03	6.5023842246e-02	3.1014604321e-01	6.2034818051e-01	1.9257421705e-05
                8	4.4625215039e-03	6.5030251475e-02	3.1014072783e-01	6.2034599887e-01	2.0500318023e-05
                9	4.4623677189e-03	6.5036592201e-02	3.1013546232e-01	6.2034384561e-01	2.1732154839e-05
               10	4.4622149743e-03	6.5042879955e-02	3.1013024076e-01	6.2034170843e-01	2.2955875775e-05
               11	4.4620640596e-03	6.5049124385e-02	3.1012505754e-01	6.2033958863e-01	2.4165378083e-05
               12	4.4619137857e-03	6.5055291982e-02	3.1011993975e-01	6.2033748433e-01	2.5370161022e-05
               13	4.4617640100e-03	6.5061429962e-02	3.1011484592e-01	6.2033538903e-01	2.6571081840e-05
               14	4.4616146534e-03	6.5067541223e-02	3.1010977362e-01	6.2033330172e-01	2.7768779210e-05
               15	4.4614656562e-03	6.5073627768e-02	3.1010472117e-01	6.2033122166e-01	2.8963737885e-05
               16	4.4613169734e-03	6.5079691066e-02	3.1009968732e-01	6.2032914831e-01	3.0156323722e-05
               17	4.4611685718e-03	6.5085732207e-02	3.1009467115e-01	6.2032708126e-01	3.1346807720e-05
               18	4.4610204281e-03	6.5091751953e-02	3.1008967201e-01	6.2032502024e-01	3.2535378235e-05
               19	4.4608725277e-03	6.5097750805e-02	3.1008468947e-01	6.2032296504e-01	3.3722154772e-05
               20	4.4607248636e-03	6.5103729016e-02	3.1007972333e-01	6.2032091560e-01	3.4907193454e-05
               21	4.4605774360e-03	6.5109686605e-02	3.1007477357e-01	6.2031887190e-01	3.6090492168e-05
               22	4.4604302516e-03	6.5115623375e-02	3.1006984036e-01	6.2031683402e-01	3.7271995824e-05
               23	4.4602833238e-03	6.5121538903e-02	3.1006492406e-01	6.2031480212e-01	3.8451596320e-05
               24	4.4601366722e-03	6.5127432536e-02	3.1006002522e-01	6.2031277644e-01	3.9629132908e-05
               25	4.4599903232e-03	6.5133303387e-02	3.1005514460e-01	6.2031075730e-01	4.0804392033e-05
               26	4.4598443093e-03	6.5139150339e-02	3.1005028312e-01	6.2030874512e-01	4.1977110661e-05
               27	4.4596986693e-03	6.5144972031e-02	3.1004544195e-01	6.2030674038e-01	4.3146973089e-05
               28	4.4595534486e-03	6.5150766857e-02	3.1004062242e-01	6.2030474366e-01	4.4313612496e-05
               29	4.4594086986e-03	6.5156532972e-02	3.1003582609e-01	6.2030275563e-01	4.5476612953e-05
               30	4.4592644769e-03	6.5162268288e-02	3.1003105471e-01	6.2030077702e-01	4.6635508400e-05
               31	4.4591208471e-03	6.5167970479e-02	3.1002631022e-01	6.2029880867e-01	4.7789785607e-05
               32	4.4589778779e-03	6.5173637002e-02	3.1002159476e-01	6.2029685147e-01	4.8938888518e-05
               33	4.4588356440e-03	6.5179265083e-02	3.1001691065e-01	6.2029490640e-01	5.0082216045e-05
               34	4.4586942239e-03	6.5184851773e-02	3.1001226036e-01	6.2029297451e-01	5.1219133943e-05
               35	4.4585537009e-03	6.5190393923e-02	3.1000764651e-01	6.2029105690e-01	5.2348970359e-05
               36	4.4584141618e-03	6.5195888236e-02	3.1000307186e-01	6.2028915472e-01	5.3471025692e-05
               37	4.4582756965e-03	6.5201331274e-02	3.0999853928e-01	6.2028726917e-01	5.4584575640e-05
               38	4.4581383975e-03	6.5206719484e-02	3.0999405173e-01	6.2028540151e-01	5.5688876050e-05
               39	4.4580023587e-03	6.5212049235e-02	3.0998961225e-01	6.2028355299e-01	5.6783170008e-05
               40	4.4578676754e-03	6.5217316824e-02	3.0998522392e-01	6.2028172489e-01	5.7866690037e-05
               41	4.4577344434e-03	6.5222518524e-02	3.0998088984e-01	6.2027991853e-01	5.8938667086e-05
               42	4.4576027574e-03	6.5227650614e-02	3.0997661311e-01	6.2027813518e-01	5.9998337131e-05
               43	4.4574727119e-03	6.5232709389e-02	3.0997239683e-01	6.2027637613e-01	6.1044941976e-05
               44	4.4573443994e-03	6.5237691195e-02	3.0996824403e-01	6.2027464264e-01	6.2077737368e-05
               45	4.4572179103e-03	6.5242592457e-02	3.0996415769e-01	6.2027293595e-01	6.3095996989e-05
               46	4.4570933319e-03	6.5247409705e-02	3.0996014069e-01	6.2027125725e-01	6.4099018431e-05
               47	4.4569707481e-03	6.5252139597e-02	3.0995619582e-01	6.2026960771e-01	6.5086127427e-05
               48	4.4568502393e-03	6.5256778934e-02	3.0995232573e-01	6.2026798841e-01	6.6056679431e-05
               49	4.4567318812e-03	6.5261324687e-02	3.0994853295e-01	6.2026640041e-01	6.7010065670e-05
               50	4.4566157448e-03	6.5265774007e-02	3.0994481985e-01	6.2026484469e-01	6.7945715065e-05
               51	4.4565018962e-03	6.5270124253e-02	3.0994118861e-01	6.2026332214e-01	6.8863098068e-05
               52	4.4563903959e-03	6.5274372994e-02	3.0993764126e-01	6.2026183362e-01	6.9761728425e-05
               53	4.4562812989e-03	6.5278518018e-02	3.0993417964e-01	6.2026037988e-01	7.0641163555e-05
               54	4.4561746544e-03	6.5282557355e-02	3.0993080538e-01	6.2025896160e-01	7.1501008594e-05
               55	4.4560705060e-03	6.5286489265e-02	3.0992751994e-01	6.2025757937e-01	7.2340914580e-05
               56	4.4559688896e-03	6.5290312311e-02	3.0992432451e-01	6.2025623370e-01	7.3160592176e-05
               57	4.4558698372e-03	6.5294025221e-02	3.0992122014e-01	6.2025492502e-01	7.3959783258e-05
               58	4.4557733753e-03	6.5297626960e-02	3.0991820769e-01	6.2025365369e-01	7.4738275775e-05
               59	4.4556795235e-03	6.5301116772e-02	3.0991528781e-01	6.2025241998e-01	7.5495911744e-05
               60	4.4555882956e-03	6.5304494144e-02	3.0991246091e-01	6.2025122407e-01	7.6232579947e-05
               61	4.4554996996e-03	6.5307758799e-02	3.0990972723e-01	6.2025006606e-01	7.6948214674e-05
               62	4.4554137383e-03	6.5310910686e-02	3.0990708681e-01	6.2024894597e-01	7.7642792393e-05
               63	4.4553304091e-03	6.5313949985e-02	3.0990453952e-01	6.2024786376e-01	7.8316334385e-05
               64	4.4552497039e-03	6.5316877093e-02	3.0990208502e-01	6.2024681928e-01	7.8968902479e-05
               65	4.4551716102e-03	6.5319692609e-02	3.0989972282e-01	6.2024581237e-01	7.9600596957e-05
               66	4.4550961107e-03	6.5322397334e-02	3.0989745227e-01	6.2024484273e-01	8.0211555241e-05
               67	4.4550231837e-03	6.5324992250e-02	3.0989527255e-01	6.2024391007e-01	8.0801949174e-05
               68	4.4549528035e-03	6.5327478519e-02	3.0989318271e-01	6.2024301399e-01	8.1371983932e-05
               69	4.4548849404e-03	6.5329857469e-02	3.0989118165e-01	6.2024215405e-01	8.1921895785e-05
               70	4.4548195614e-03	6.5332130572e-02	3.0988926816e-01	6.2024132976e-01	8.2451947741e-05
               71	4.4547566300e-03	6.5334299449e-02	3.0988744090e-01	6.2024054059e-01	8.2962429764e-05
               72	4.4546961070e-03	6.5336365846e-02	3.0988569844e-01	6.2023978596e-01	8.3453655546e-05
               73	4.4546379502e-03	6.5338331627e-02	3.0988403922e-01	6.2023906524e-01	8.3925960377e-05
               74	4.4545821149e-03	6.5340198771e-02	3.0988246163e-01	6.2023837778e-01	8.4379700513e-05
               75	4.4545285547e-03	6.5341969335e-02	3.0988096396e-01	6.2023772290e-01	8.4815246107e-05
               76	4.4544772210e-03	6.5343645469e-02	3.0987954445e-01	6.2023709988e-01	8.5232984982e-05
               77	4.4544280636e-03	6.5345229392e-02	3.0987820125e-01	6.2023650798e-01	8.5633316798e-05
               78	4.4543810309e-03	6.5346723386e-02	3.0987693248e-01	6.2023594644e-01	8.6016653218e-05
               79	4.4543360702e-03	6.5348129783e-02	3.0987573623e-01	6.2023541450e-01	8.6383414434e-05
               80	4.4542931275e-03	6.5349450962e-02	3.0987461053e-01	6.2023491135e-01	8.6734029665e-05
               81	4.4542521485e-03	6.5350689330e-02	3.0987355340e-01	6.2023443619e-01	8.7068933131e-05
               82	4.4542130781e-03	6.5351847321e-02	3.0987256281e-01	6.2023398822e-01	8.7388563402e-05
               83	4.4541758611e-03	6.5352927376e-02	3.0987163677e-01	6.2023356663e-01	8.7693360830e-05
               84	4.4541404419e-03	6.5353931957e-02	3.0987077324e-01	6.2023317059e-01	8.7983768857e-05
               85	4.4541067649e-03	6.5354863518e-02	3.0986997020e-01	6.2023279929e-01	8.8260230143e-05
               86	4.4540747748e-03	6.5355724508e-02	3.0986922562e-01	6.2023245191e-01	8.8523185760e-05
               87	4.4540444165e-03	6.5356517364e-02	3.0986853749e-01	6.2023212765e-01	8.8773074870e-05
               88	4.4540156354e-03	6.5357244502e-02	3.0986790383e-01	6.2023182570e-01	8.9010332873e-05
               89	4.4539883773e-03	6.5357908322e-02	3.0986732265e-01	6.2023154526e-01	8.9235392043e-05
               90	4.4539625886e-03	6.5358511187e-02	3.0986679200e-01	6.2023128554e-01	8.9448678654e-05
               91	4.4539382167e-03	6.5359055434e-02	3.0986630996e-01	6.2023104578e-01	8.9650613261e-05
               92	4.4539152095e-03	6.5359543362e-02	3.0986587462e-01	6.2023082519e-01	8.9841610806e-05
               93	4.4538935160e-03	6.5359977225e-02	3.0986548414e-01	6.2023062305e-01	9.0022076946e-05
               94	4.4538730862e-03	6.5360359241e-02	3.0986513667e-01	6.2023043859e-01	9.0192411695e-05
               95	4.4538538711e-03	6.5360691575e-02	3.0986483043e-01	6.2023027111e-01	9.0353004874e-05
               96	4.4538358226e-03	6.5360976350e-02	3.0986456368e-01	6.2023011991e-01	9.0504239762e-05
               97	4.4538188939e-03	6.5361215637e-02	3.0986433470e-01	6.2022998428e-01	9.0646489733e-05
               98	4.4538030393e-03	6.5361411452e-02	3.0986414183e-01	6.2022986356e-01	9.0780118721e-05
               99	4.4537882143e-03	6.5361565765e-02	3.0986398345e-01	6.2022975709e-01	9.0905482277e-05
              100	4.4537743758e-03	6.5361680481e-02	3.0986385797e-01	6.2022966425e-01	9.1022923897e-05
              101	4.4537614816e-03	6.5361757458e-02	3.0986376388e-01	6.2022958440e-01	9.1132779828e-05
              102	4.4537494909e-03	6.5361798496e-02	3.0986369968e-01	6.2022951695e-01	9.1235375073e-05
              103	4.4537383642e-03	6.5361805339e-02	3.0986366394e-01	6.2022946133e-01	9.1331025413e-05
              104	4.4537280630e-03	6.5361779678e-02	3.0986365526e-01	6.2022941696e-01	9.1420036809e-05
              105	4.4537185505e-03	6.5361723138e-02	3.0986367230e-01	6.2022938331e-01	9.1502703608e-05
              106	4.4537097907e-03	6.5361637299e-02	3.0986371375e-01	6.2022935984e-01	9.1579312391e-05
              107	4.4537017489e-03	6.5361523687e-02	3.0986377836e-01	6.2022934606e-01	9.1650140167e-05
              108	4.4536943920e-03	6.5361383758e-02	3.0986386493e-01	6.2022934147e-01	9.1715451231e-05
              109	4.4536876878e-03	6.5361218924e-02	3.0986397228e-01	6.2022934560e-01	9.1775501990e-05
              110	4.4536816053e-03	6.5361030545e-02	3.0986409930e-01	6.2022935801e-01	9.1830540126e-05
              111	4.4536761144e-03	6.5360819931e-02	3.0986424491e-01	6.2022937824e-01	9.1880804967e-05
              112	4.4536711867e-03	6.5360588331e-02	3.0986440807e-01	6.2022940589e-01	9.1926524617e-05
              113	4.4536667947e-03	6.5360336944e-02	3.0986458779e-01	6.2022944055e-01	9.1967917478e-05
              114	4.4536629118e-03	6.5360066927e-02	3.0986478312e-01	6.2022948184e-01	9.2005195310e-05
              115	4.4536595127e-03	6.5359779385e-02	3.0986499315e-01	6.2022952939e-01	9.2038561419e-05
              116	4.4536565731e-03	6.5359475375e-02	3.0986521700e-01	6.2022958284e-01	9.2068209480e-05
              117	4.4536540696e-03	6.5359155907e-02	3.0986545384e-01	6.2022964186e-01	9.2094325353e-05
              118	4.4536519798e-03	6.5358821954e-02	3.0986570286e-01	6.2022970612e-01	9.2117088735e-05
              119	4.4536502824e-03	6.5358474437e-02	3.0986596331e-01	6.2022977530e-01	9.2136669767e-05
              120	4.4536489569e-03	6.5358114239e-02	3.0986623445e-01	6.2022984912e-01	9.2153231933e-05
              121	4.4536479839e-03	6.5357742199e-02	3.0986651559e-01	6.2022992730e-01	9.2166930743e-05
              122	4.4536473446e-03	6.5357359118e-02	3.0986680607e-01	6.2023000956e-01	9.2177915000e-05
              123	4.4536470212e-03	6.5356965763e-02	3.0986710525e-01	6.2023009564e-01	9.2186328184e-05
              124	4.4536469968e-03	6.5356562858e-02	3.0986741254e-01	6.2023018530e-01	9.2192305522e-05
              125	4.4536472550e-03	6.5356151096e-02	3.0986772736e-01	6.2023027832e-01	9.2195977248e-05
              126	4.4536477805e-03	6.5355731135e-02	3.0986804916e-01	6.2023037445e-01	9.2197466907e-05
              127	4.4536485585e-03	6.5355303597e-02	3.0986837744e-01	6.2023047351e-01	9.2196891988e-05
              128	4.4536495748e-03	6.5354869080e-02	3.0986871170e-01	6.2023057528e-01	9.2194365817e-05
              129	4.4536508161e-03	6.5354428146e-02	3.0986905147e-01	6.2023067957e-01	9.2189995658e-05
              130	4.4536522697e-03	6.5353981328e-02	3.0986939631e-01	6.2023078621e-01	9.2183882686e-05
              131	4.4536539235e-03	6.5353529131e-02	3.0986974580e-01	6.2023089502e-01	9.2176123703e-05
              132	4.4536557661e-03	6.5353072035e-02	3.0987009955e-01	6.2023100584e-01	9.2166810461e-05
              133	4.4536577865e-03	6.5352610492e-02	3.0987045717e-01	6.2023111852e-01	9.2156030792e-05
              134	4.4536599744e-03	6.5352144927e-02	3.0987081833e-01	6.2023123290e-01	9.2143867057e-05
              135	4.4536623199e-03	6.5351675751e-02	3.0987118267e-01	6.2023134886e-01	9.2130399578e-05
              136	4.4536648135e-03	6.5351203344e-02	3.0987154988e-01	6.2023146626e-01	9.2115703098e-05
              137	4.4536674465e-03	6.5350728067e-02	3.0987191967e-01	6.2023158497e-01	9.2099848305e-05
              138	4.4536702104e-03	6.5350250263e-02	3.0987229174e-01	6.2023170488e-01	9.2082903740e-05
              139	4.4536730972e-03	6.5349770252e-02	3.0987266583e-01	6.2023182589e-01	9.2064933110e-05
              140	4.4536760994e-03	6.5349288334e-02	3.0987304169e-01	6.2023194788e-01	9.2045996442e-05
              141	4.4536792098e-03	6.5348804794e-02	3.0987341909e-01	6.2023207075e-01	9.2026151425e-05
              142	4.4536824217e-03	6.5348319904e-02	3.0987379780e-01	6.2023219442e-01	9.2005453192e-05
              143	4.4536857285e-03	6.5347833914e-02	3.0987417760e-01	6.2023231880e-01	9.1983953678e-05
              144	4.4536891242e-03	6.5347347061e-02	3.0987455831e-01	6.2023244381e-01	9.1961701409e-05
              145	4.4536926031e-03	6.5346859566e-02	3.0987493973e-01	6.2023256936e-01	9.1938742451e-05
              146	4.4536961597e-03	6.5346371638e-02	3.0987532170e-01	6.2023269538e-01	9.1915121108e-05
              147	4.4536997888e-03	6.5345883474e-02	3.0987570405e-01	6.2023282181e-01	9.1890879154e-05
              148	4.4537034855e-03	6.5345395258e-02	3.0987608662e-01	6.2023294858e-01	9.1866055913e-05
              149	4.4537072455e-03	6.5344907154e-02	3.0987646928e-01	6.2023307563e-01	9.1840687175e-05
              150	4.4537110641e-03	6.5344419329e-02	3.0987685189e-01	6.2023320291e-01	9.1814809068e-05
              151	4.4537149375e-03	6.5343931927e-02	3.0987723433e-01	6.2023333036e-01	9.1788454023e-05
              152	4.4537188617e-03	6.5343445092e-02	3.0987761647e-01	6.2023345792e-01	9.1761653908e-05
              153	4.4537228331e-03	6.5342958951e-02	3.0987799821e-01	6.2023358557e-01	9.1734438040e-05
              154	4.4537268482e-03	6.5342473624e-02	3.0987837945e-01	6.2023371324e-01	9.1706833464e-05
              155	4.4537309039e-03	6.5341989225e-02	3.0987876010e-01	6.2023384090e-01	9.1678867208e-05
              156	4.4537349969e-03	6.5341505859e-02	3.0987914006e-01	6.2023396852e-01	9.1650564264e-05
              157	4.4537391245e-03	6.5341023620e-02	3.0987951925e-01	6.2023409605e-01	9.1621947819e-05
              158	4.4537432839e-03	6.5340542600e-02	3.0987989761e-01	6.2023422347e-01	9.1593040153e-05
              159	4.4537474727e-03	6.5340062880e-02	3.0988027505e-01	6.2023435074e-01	9.1563861417e-05
              160	4.4537516883e-03	6.5339584537e-02	3.0988065151e-01	6.2023447783e-01	9.1534431728e-05
              161	4.4537559286e-03	6.5339107640e-02	3.0988102694e-01	6.2023460472e-01	9.1504769399e-05
              162	4.4537601914e-03	6.5338632255e-02	3.0988140128e-01	6.2023473138e-01	9.1474891922e-05
              163	4.4537644745e-03	6.5338158443e-02	3.0988177447e-01	6.2023485779e-01	9.1444816430e-05
              164	4.4537687762e-03	6.5337686256e-02	3.0988214648e-01	6.2023498393e-01	9.1414557644e-05
              165	4.4537730948e-03	6.5337215746e-02	3.0988251725e-01	6.2023510978e-01	9.1384130390e-05
              166	4.4537774286e-03	6.5336746953e-02	3.0988288675e-01	6.2023523532e-01	9.1353547498e-05
              167	4.4537817758e-03	6.5336279924e-02	3.0988325495e-01	6.2023536053e-01	9.1322822932e-05
              168	4.4537861353e-03	6.5335814691e-02	3.0988362181e-01	6.2023548540e-01	9.1291968141e-05
              169	4.4537905056e-03	6.5335351288e-02	3.0988398730e-01	6.2023560991e-01	9.1260993983e-05
              170	4.4537948852e-03	6.5334889750e-02	3.0988435140e-01	6.2023573405e-01	9.1229912782e-05
              171	4.4537992731e-03	6.5334430098e-02	3.0988471408e-01	6.2023585782e-01	9.1198733197e-05
              172	4.4538036681e-03	6.5333972358e-02	3.0988507532e-01	6.2023598119e-01	9.1167464973e-05
              173	4.4538080692e-03	6.5333516551e-02	3.0988543510e-01	6.2023610416e-01	9.1136117342e-05
              174	4.4538124753e-03	6.5333062694e-02	3.0988579341e-01	6.2023622672e-01	9.1104697782e-05
              175	4.4538168856e-03	6.5332610802e-02	3.0988615023e-01	6.2023634887e-01	9.1073214662e-05
              176	4.4538212991e-03	6.5332160890e-02	3.0988650555e-01	6.2023647058e-01	9.1041675393e-05
              177	4.4538257150e-03	6.5331712970e-02	3.0988685936e-01	6.2023659187e-01	9.1010087316e-05
              178	4.4538301325e-03	6.5331267050e-02	3.0988721164e-01	6.2023671272e-01	9.0978456331e-05
              179	4.4538345510e-03	6.5330823135e-02	3.0988756240e-01	6.2023683312e-01	9.0946787894e-05
              180	4.4538389700e-03	6.5330381229e-02	3.0988791163e-01	6.2023695308e-01	9.0915087374e-05
              181	4.4538433886e-03	6.5329941340e-02	3.0988825932e-01	6.2023707259e-01	9.0883361067e-05
              182	4.4538478061e-03	6.5329503471e-02	3.0988860547e-01	6.2023719164e-01	9.0851614405e-05
              183	4.4538522222e-03	6.5329067621e-02	3.0988895007e-01	6.2023731024e-01	9.0819851682e-05
              184	4.4538566364e-03	6.5328633790e-02	3.0988929312e-01	6.2023742837e-01	9.0788076815e-05
              185	4.4538610482e-03	6.5328201972e-02	3.0988963464e-01	6.2023754605e-01	9.0756292964e-05
              186	4.4538654572e-03	6.5327772167e-02	3.0988997461e-01	6.2023766327e-01	9.0724504826e-05
              187	4.4538698629e-03	6.5327344373e-02	3.0989031303e-01	6.2023778002e-01	9.0692716368e-05
              188	4.4538742650e-03	6.5326918580e-02	3.0989064992e-01	6.2023789630e-01	9.0660929800e-05
              189	4.4538786632e-03	6.5326494787e-02	3.0989098528e-01	6.2023801212e-01	9.0629149305e-05
              190	4.4538830569e-03	6.5326072987e-02	3.0989131910e-01	6.2023812748e-01	9.0597377768e-05
              191	4.4538874461e-03	6.5325653170e-02	3.0989165140e-01	6.2023824237e-01	9.0565617078e-05
              192	4.4538918304e-03	6.5325235330e-02	3.0989198217e-01	6.2023835680e-01	9.0533870425e-05
              193	4.4538962096e-03	6.5324819456e-02	3.0989231143e-01	6.2023847076e-01	9.0502139542e-05
              194	4.4539005833e-03	6.5324405541e-02	3.0989263919e-01	6.2023858426e-01	9.0470427220e-05
              195	4.4539049515e-03	6.5323993573e-02	3.0989296544e-01	6.2023869730e-01	9.0438735038e-05
              196	4.4539093139e-03	6.5323583544e-02	3.0989329020e-01	6.2023880988e-01	9.0407065167e-05
              197	4.4539136702e-03	6.5323175443e-02	3.0989361346e-01	6.2023892200e-01	9.0375419565e-05
              198	4.4539180204e-03	6.5322769258e-02	3.0989393526e-01	6.2023903367e-01	9.0343799269e-05
              199	4.4539223644e-03	6.5322364975e-02	3.0989425558e-01	6.2023914488e-01	9.0312205853e-05
              200	4.4539267019e-03	6.5321962583e-02	3.0989457444e-01	6.2023925563e-01	9.0280640513e-05
              201	4.4539310328e-03	6.5321562072e-02	3.0989489185e-01	6.2023936594e-01	9.0249105194e-05
              202	4.4539353569e-03	6.5321163431e-02	3.0989520782e-01	6.2023947579e-01	9.0217601573e-05
              203	4.4539396743e-03	6.5320766641e-02	3.0989552235e-01	6.2023958520e-01	9.0186129106e-05
              204	4.4539439847e-03	6.5320371696e-02	3.0989583546e-01	6.2023969417e-01	9.0154690319e-05
              205	4.4539482882e-03	6.5319978579e-02	3.0989614716e-01	6.2023980269e-01	9.0123285201e-05
              206	4.4539525847e-03	6.5319587276e-02	3.0989645745e-01	6.2023991078e-01	9.0091914516e-05
              207	4.4539568739e-03	6.5319197779e-02	3.0989676634e-01	6.2024001842e-01	9.0060580123e-05
              208	4.4539611561e-03	6.5318810067e-02	3.0989707386e-01	6.2024012564e-01	9.0029281038e-05
              209	4.4539654310e-03	6.5318424132e-02	3.0989737999e-01	6.2024023242e-01	8.9998019048e-05
              210	4.4539696986e-03	6.5318039956e-02	3.0989768477e-01	6.2024033878e-01	8.9966794476e-05
              211	4.4539739588e-03	6.5317657533e-02	3.0989798819e-01	6.2024044471e-01	8.9935608877e-05
              212	4.4539782117e-03	6.5317276840e-02	3.0989829027e-01	6.2024055022e-01	8.9904460991e-05
              213	4.4539824573e-03	6.5316897867e-02	3.0989859101e-01	6.2024065531e-01	8.9873351940e-05
              214	4.4539866954e-03	6.5316520601e-02	3.0989889044e-01	6.2024075998e-01	8.9842282052e-05
              215	4.4539909262e-03	6.5316145027e-02	3.0989918855e-01	6.2024086424e-01	8.9811252135e-05
              216	4.4539951495e-03	6.5315771131e-02	3.0989948537e-01	6.2024096809e-01	8.9780261931e-05
              217	4.4539993653e-03	6.5315398901e-02	3.0989978089e-01	6.2024107153e-01	8.9749312332e-05
              218	4.4540035736e-03	6.5315028322e-02	3.0990007513e-01	6.2024117457e-01	8.9718403304e-05
              219	4.4540077745e-03	6.5314659381e-02	3.0990036810e-01	6.2024127721e-01	8.9687535422e-05
              220	4.4540119678e-03	6.5314292065e-02	3.0990065981e-01	6.2024137945e-01	8.9656708699e-05
              221	4.4540161537e-03	6.5313926361e-02	3.0990095027e-01	6.2024148129e-01	8.9625923663e-05
              222	4.4540203321e-03	6.5313562251e-02	3.0990123950e-01	6.2024158274e-01	8.9595179277e-05
              223	4.4540245031e-03	6.5313199726e-02	3.0990152750e-01	6.2024168380e-01	8.9564476235e-05
              224	4.4540286667e-03	6.5312838770e-02	3.0990181427e-01	6.2024178448e-01	8.9533814517e-05
              225	4.4540328229e-03	6.5312479372e-02	3.0990209984e-01	6.2024188477e-01	8.9503194888e-05
              226	4.4540369716e-03	6.5312121519e-02	3.0990238421e-01	6.2024198468e-01	8.9472617028e-05
              227	4.4540411129e-03	6.5311765196e-02	3.0990266740e-01	6.2024208421e-01	8.9442080480e-05
              228	4.4540452469e-03	6.5311410393e-02	3.0990294940e-01	6.2024218337e-01	8.9411586160e-05
              229	4.4540493735e-03	6.5311057092e-02	3.0990323024e-01	6.2024228216e-01	8.9381132940e-05
              230	4.4540534928e-03	6.5310705283e-02	3.0990350992e-01	6.2024238058e-01	8.9350721411e-05
              231	4.4540576048e-03	6.5310354955e-02	3.0990378845e-01	6.2024247864e-01	8.9320351623e-05
              232	4.4540617096e-03	6.5310006091e-02	3.0990406584e-01	6.2024257633e-01	8.9290022949e-05
              233	4.4540658072e-03	6.5309658683e-02	3.0990434210e-01	6.2024267367e-01	8.9259736147e-05
              234	4.4540698974e-03	6.5309312717e-02	3.0990461725e-01	6.2024277065e-01	8.9229491050e-05
              235	4.4540739805e-03	6.5308968182e-02	3.0990489128e-01	6.2024286727e-01	8.9199287403e-05
              236	4.4540780564e-03	6.5308625064e-02	3.0990516421e-01	6.2024296354e-01	8.9169124994e-05
              237	4.4540821252e-03	6.5308283351e-02	3.0990543605e-01	6.2024305947e-01	8.9139003716e-05
              238	4.4540861870e-03	6.5307943031e-02	3.0990570681e-01	6.2024315505e-01	8.9108923457e-05
              239	4.4540902416e-03	6.5307604095e-02	3.0990597649e-01	6.2024325029e-01	8.9078884562e-05
              240	4.4540942891e-03	6.5307266528e-02	3.0990624511e-01	6.2024334519e-01	8.9048886751e-05
              241	4.4540983297e-03	6.5306930318e-02	3.0990651267e-01	6.2024343975e-01	8.9018929439e-05
              242	4.4541023633e-03	6.5306595457e-02	3.0990677919e-01	6.2024353398e-01	8.8989013061e-05
              243	4.4541063900e-03	6.5306261932e-02	3.0990704467e-01	6.2024362787e-01	8.8959137538e-05
              244	4.4541104096e-03	6.5305929735e-02	3.0990730911e-01	6.2024372144e-01	8.8929303350e-05
              245	4.4541144224e-03	6.5305598850e-02	3.0990757254e-01	6.2024381468e-01	8.8899508979e-05
              246	4.4541184285e-03	6.5305269265e-02	3.0990783496e-01	6.2024390760e-01	8.8869753955e-05
              247	4.4541224278e-03	6.5304940971e-02	3.0990809637e-01	6.2024400019e-01	8.8840038768e-05
              248	4.4541264203e-03	6.5304613957e-02	3.0990835679e-01	6.2024409247e-01	8.8810363649e-05
              249	4.4541304060e-03	6.5304288218e-02	3.0990861621e-01	6.2024418443e-01	8.8780729227e-05
              250	4.4541343849e-03	6.5303963738e-02	3.0990887466e-01	6.2024427608e-01	8.8751134268e-05
              251	4.4541383573e-03	6.5303640506e-02	3.0990913214e-01	6.2024436742e-01	8.8721578570e-05
              252	4.4541423230e-03	6.5303318513e-02	3.0990938865e-01	6.2024445845e-01	8.8692061973e-05
              253	4.4541462822e-03	6.5302997750e-02	3.0990964421e-01	6.2024454917e-01	8.8662584444e-05
              254	4.4541502348e-03	6.5302678206e-02	3.0990989882e-01	6.2024463959e-01	8.8633145990e-05
              255	4.4541541808e-03	6.5302359872e-02	3.0991015249e-01	6.2024472971e-01	8.8603746876e-05
              256	4.4541581204e-03	6.5302042734e-02	3.0991040523e-01	6.2024481953e-01	8.8574385718e-05
              257	4.4541620535e-03	6.5301726786e-02	3.0991065705e-01	6.2024490905e-01	8.8545063232e-05
              258	4.4541659802e-03	6.5301412019e-02	3.0991090794e-01	6.2024499828e-01	8.8515779350e-05
              259	4.4541699005e-03	6.5301098421e-02	3.0991115793e-01	6.2024508722e-01	8.8486533563e-05
              260	4.4541738144e-03	6.5300785988e-02	3.0991140701e-01	6.2024517586e-01	8.8457326677e-05
              261	4.4541777221e-03	6.5300474703e-02	3.0991165519e-01	6.2024526422e-01	8.8428156668e-05
              262	4.4541816234e-03	6.5300164563e-02	3.0991190249e-01	6.2024535230e-01	8.8399024675e-05
              263	4.4541855186e-03	6.5299855553e-02	3.0991214891e-01	6.2024544009e-01	8.8369929821e-05
              264	4.4541894075e-03	6.5299547670e-02	3.0991239445e-01	6.2024552760e-01	8.8340872511e-05
              265	4.4541932902e-03	6.5299240900e-02	3.0991263912e-01	6.2024561483e-01	8.8311852302e-05
              266	4.4541971668e-03	6.5298935240e-02	3.0991288293e-01	6.2024570179e-01	8.8282869441e-05
              267	4.4542010372e-03	6.5298630678e-02	3.0991312589e-01	6.2024578847e-01	8.8253923660e-05
              268	4.4542049016e-03	6.5298327204e-02	3.0991336800e-01	6.2024587488e-01	8.8225014453e-05
              269	4.4542087598e-03	6.5298024813e-02	3.0991360927e-01	6.2024596102e-01	8.8196142199e-05
              270	4.4542126121e-03	6.5297723492e-02	3.0991384970e-01	6.2024604689e-01	8.8167306411e-05
              271	4.4542164583e-03	6.5297423237e-02	3.0991408931e-01	6.2024613249e-01	8.8138507029e-05
              272	4.4542202987e-03	6.5297124036e-02	3.0991432809e-01	6.2024621783e-01	8.8109743261e-05
              273	4.4542241331e-03	6.5296825885e-02	3.0991456606e-01	6.2024630291e-01	8.8081015531e-05
              274	4.4542279617e-03	6.5296528772e-02	3.0991480322e-01	6.2024638773e-01	8.8052323391e-05
              275	4.4542317843e-03	6.5296232694e-02	3.0991503957e-01	6.2024647228e-01	8.8023667668e-05
              276	4.4542356010e-03	6.5295937641e-02	3.0991527513e-01	6.2024655658e-01	8.7995047730e-05
              277	4.4542394120e-03	6.5295643604e-02	3.0991550989e-01	6.2024664063e-01	8.7966462908e-05
              278	4.4542432174e-03	6.5295350571e-02	3.0991574387e-01	6.2024672442e-01	8.7937911955e-05
              279	4.4542470170e-03	6.5295058540e-02	3.0991597708e-01	6.2024680797e-01	8.7909396133e-05
              280	4.4542508108e-03	6.5294767504e-02	3.0991620951e-01	6.2024689126e-01	8.7880915987e-05
              281	4.4542545989e-03	6.5294477456e-02	3.0991644117e-01	6.2024697431e-01	8.7852471228e-05
              282	4.4542583814e-03	6.5294188384e-02	3.0991667207e-01	6.2024705711e-01	8.7824060343e-05
              283	4.4542621583e-03	6.5293900283e-02	3.0991690221e-01	6.2024713967e-01	8.7795683548e-05
              284	4.4542659295e-03	6.5293613150e-02	3.0991713160e-01	6.2024722198e-01	8.7767342367e-05
              285	4.4542696952e-03	6.5293326973e-02	3.0991736024e-01	6.2024730405e-01	8.7739034922e-05
              286	4.4542734554e-03	6.5293041745e-02	3.0991758815e-01	6.2024738589e-01	8.7710761067e-05
              287	4.4542772101e-03	6.5292757460e-02	3.0991781532e-01	6.2024746749e-01	8.7682520932e-05
              288	4.4542809593e-03	6.5292474113e-02	3.0991804176e-01	6.2024754885e-01	8.7654314864e-05
              289	4.4542847030e-03	6.5292191695e-02	3.0991826748e-01	6.2024762998e-01	8.7626142279e-05
              290	4.4542884414e-03	6.5291910199e-02	3.0991849248e-01	6.2024771088e-01	8.7598002680e-05
              291	4.4542921744e-03	6.5291629620e-02	3.0991871676e-01	6.2024779155e-01	8.7569896671e-05
              292	4.4542959019e-03	6.5291349951e-02	3.0991894034e-01	6.2024787199e-01	8.7541823742e-05
              293	4.4542996242e-03	6.5291071184e-02	3.0991916321e-01	6.2024795220e-01	8.7513783777e-05
              294	4.4543033412e-03	6.5290793313e-02	3.0991938539e-01	6.2024803218e-01	8.7485776446e-05
              295	4.4543070528e-03	6.5290516334e-02	3.0991960687e-01	6.2024811194e-01	8.7457802248e-05
              296	4.4543107592e-03	6.5290240239e-02	3.0991982766e-01	6.2024819148e-01	8.7429860876e-05
              297	4.4543144603e-03	6.5289965023e-02	3.0992004776e-01	6.2024827080e-01	8.7401952072e-05
              298	4.4543181563e-03	6.5289690678e-02	3.0992026719e-01	6.2024834990e-01	8.7374075460e-05
              299	4.4543218470e-03	6.5289417199e-02	3.0992048595e-01	6.2024842878e-01	8.7346231089e-05
              300	4.4543255325e-03	6.5289144581e-02	3.0992070403e-01	6.2024850744e-01	8.7318419209e-05
              301	4.4543292130e-03	6.5288872816e-02	3.0992092145e-01	6.2024858589e-01	8.7290638929e-05
              302	4.4543328884e-03	6.5288601896e-02	3.0992113820e-01	6.2024866412e-01	8.7262889584e-05
              303	4.4543365588e-03	6.5288331817e-02	3.0992135431e-01	6.2024874214e-01	8.7235171916e-05
              304	4.4543402241e-03	6.5288062576e-02	3.0992156976e-01	6.2024881996e-01	8.7207485915e-05
              305	4.4543438842e-03	6.5287794167e-02	3.0992178456e-01	6.2024889756e-01	8.7179832304e-05
              306	4.4543475394e-03	6.5287526584e-02	3.0992199872e-01	6.2024897495e-01	8.7152209820e-05
              307	4.4543511895e-03	6.5287259821e-02	3.0992221224e-01	6.2024905213e-01	8.7124619219e-05
              308	4.4543548347e-03	6.5286993870e-02	3.0992242512e-01	6.2024912911e-01	8.7097058827e-05
              309	4.4543584749e-03	6.5286728728e-02	3.0992263738e-01	6.2024920589e-01	8.7069529628e-05
              310	4.4543621103e-03	6.5286464387e-02	3.0992284901e-01	6.2024928246e-01	8.7042030727e-05
              311	4.4543657409e-03	6.5286200843e-02	3.0992306002e-01	6.2024935884e-01	8.7014562342e-05
              312	4.4543693665e-03	6.5285938091e-02	3.0992327041e-01	6.2024943501e-01	8.6987124529e-05
              313	4.4543729873e-03	6.5285676127e-02	3.0992348019e-01	6.2024951098e-01	8.6959717472e-05
              314	4.4543766032e-03	6.5285414946e-02	3.0992368935e-01	6.2024958676e-01	8.6932340995e-05
              315	4.4543802144e-03	6.5285154540e-02	3.0992389791e-01	6.2024966234e-01	8.6904994230e-05
              316	4.4543838208e-03	6.5284894906e-02	3.0992410588e-01	6.2024973772e-01	8.6877677455e-05
              317	4.4543874225e-03	6.5284636036e-02	3.0992431324e-01	6.2024981291e-01	8.6850390239e-05
              318	4.4543910196e-03	6.5284377923e-02	3.0992452001e-01	6.2024988791e-01	8.6823132128e-05
              319	4.4543946119e-03	6.5284120569e-02	3.0992472620e-01	6.2024996272e-01	8.6795904143e-05
              320	4.4543981994e-03	6.5283863967e-02	3.0992493179e-01	6.2025003733e-01	8.6768706266e-05
              321	4.4544017822e-03	6.5283608113e-02	3.0992513681e-01	6.2025011176e-01	8.6741538927e-05
              322	4.4544053603e-03	6.5283353001e-02	3.0992534124e-01	6.2025018600e-01	8.6714400794e-05
              323	4.4544089337e-03	6.5283098627e-02	3.0992554510e-01	6.2025026005e-01	8.6687292321e-05
              324	4.4544125026e-03	6.5282844987e-02	3.0992574838e-01	6.2025033391e-01	8.6660213132e-05
              325	4.4544160599e-03	6.5282591965e-02	3.0992595061e-01	6.2025040661e-01	8.6634757534e-05
              326	4.4544196197e-03	6.5282339775e-02	3.0992615277e-01	6.2025048011e-01	8.6607722221e-05
              327	4.4544231750e-03	6.5282088301e-02	3.0992635437e-01	6.2025055344e-01	8.6580714470e-05
              328	4.4544267258e-03	6.5281837542e-02	3.0992655541e-01	6.2025062658e-01	8.6553735410e-05
              329	4.4544302651e-03	6.5281587384e-02	3.0992675541e-01	6.2025069856e-01	8.6528375616e-05
              330	4.4544338070e-03	6.5281338040e-02	3.0992695536e-01	6.2025077136e-01	8.6501439335e-05
              331	4.4544373444e-03	6.5281089396e-02	3.0992715475e-01	6.2025084397e-01	8.6474530584e-05
              332	4.4544408703e-03	6.5280841341e-02	3.0992735312e-01	6.2025091543e-01	8.6449239173e-05
              333	4.4544443989e-03	6.5280594086e-02	3.0992755144e-01	6.2025098770e-01	8.6422372650e-05
              334	4.4544479231e-03	6.5280347518e-02	3.0992774922e-01	6.2025105980e-01	8.6395532987e-05
              335	4.4544514359e-03	6.5280101527e-02	3.0992794598e-01	6.2025113075e-01	8.6370308132e-05
              336	4.4544549512e-03	6.5279856326e-02	3.0992814271e-01	6.2025120251e-01	8.6343510766e-05
              337	4.4544584554e-03	6.5279611689e-02	3.0992833842e-01	6.2025127311e-01	8.6318325514e-05
              338	4.4544619622e-03	6.5279367832e-02	3.0992853409e-01	6.2025134454e-01	8.6291567854e-05
              339	4.4544654647e-03	6.5279124641e-02	3.0992872925e-01	6.2025141581e-01	8.6264836206e-05
              340	4.4544689560e-03	6.5278882007e-02	3.0992892341e-01	6.2025148592e-01	8.6239714088e-05
              341	4.4544724500e-03	6.5278640138e-02	3.0992911754e-01	6.2025155685e-01	8.6213022207e-05
              342	4.4544759329e-03	6.5278398817e-02	3.0992931067e-01	6.2025162664e-01	8.6187938327e-05
              343	4.4544794185e-03	6.5278158254e-02	3.0992950379e-01	6.2025169725e-01	8.6161285147e-05
              344	4.4544828929e-03	6.5277918231e-02	3.0992969592e-01	6.2025176672e-01	8.6136238446e-05
              345	4.4544863701e-03	6.5277678959e-02	3.0992988803e-01	6.2025183701e-01	8.6109623944e-05
              346	4.4544898362e-03	6.5277440221e-02	3.0993007916e-01	6.2025190616e-01	8.6084614247e-05
              347	4.4544933050e-03	6.5277202228e-02	3.0993027029e-01	6.2025197614e-01	8.6058038275e-05
              348	4.4544967628e-03	6.5276964759e-02	3.0993046043e-01	6.2025204498e-01	8.6033064373e-05
              349	4.4545002235e-03	6.5276728024e-02	3.0993065058e-01	6.2025211465e-01	8.6006524751e-05
              350	4.4545036732e-03	6.5276491806e-02	3.0993083976e-01	6.2025218318e-01	8.5981585968e-05
              351	4.4545071257e-03	6.5276256317e-02	3.0993102894e-01	6.2025225254e-01	8.5955083275e-05
              352	4.4545105672e-03	6.5276021339e-02	3.0993121715e-01	6.2025232077e-01	8.5930179445e-05
              353	4.4545140045e-03	6.5275786979e-02	3.0993140488e-01	6.2025238884e-01	8.5905289208e-05
              354	4.4545174449e-03	6.5275553333e-02	3.0993159263e-01	6.2025245775e-01	8.5878834190e-05
              355	4.4545208744e-03	6.5275320186e-02	3.0993177943e-01	6.2025252553e-01	8.5853975826e-05
              356	4.4545243067e-03	6.5275087752e-02	3.0993196624e-01	6.2025259414e-01	8.5827555909e-05
              357	4.4545277281e-03	6.5274855811e-02	3.0993215210e-01	6.2025266163e-01	8.5802731216e-05
              358	4.4545311456e-03	6.5274624466e-02	3.0993233750e-01	6.2025272897e-01	8.5777918071e-05
              359	4.4545345660e-03	6.5274393823e-02	3.0993252292e-01	6.2025279715e-01	8.5751542935e-05
              360	4.4545379756e-03	6.5274163663e-02	3.0993270740e-01	6.2025286420e-01	8.5726760489e-05
              361	4.4545413813e-03	6.5273934090e-02	3.0993289143e-01	6.2025293111e-01	8.5701989829e-05
              362	4.4545447900e-03	6.5273705207e-02	3.0993307549e-01	6.2025299885e-01	8.5675657971e-05
              363	4.4545481880e-03	6.5273476797e-02	3.0993325862e-01	6.2025306548e-01	8.5650916427e-05
              364	4.4545515821e-03	6.5273248966e-02	3.0993344130e-01	6.2025313197e-01	8.5626186328e-05
              365	4.4545549792e-03	6.5273021814e-02	3.0993362402e-01	6.2025319929e-01	8.5599896123e-05
              366	4.4545583656e-03	6.5272795126e-02	3.0993380581e-01	6.2025326550e-01	8.5575193158e-05
              367	4.4545617483e-03	6.5272569006e-02	3.0993398717e-01	6.2025333158e-01	8.5550500906e-05
              368	4.4545651340e-03	6.5272343556e-02	3.0993416857e-01	6.2025339849e-01	8.5524250619e-05
              369	4.4545685090e-03	6.5272118562e-02	3.0993434905e-01	6.2025346429e-01	8.5499585164e-05
              370	4.4545718802e-03	6.5271894127e-02	3.0993452910e-01	6.2025352996e-01	8.5474930782e-05
              371	4.4545752476e-03	6.5271670247e-02	3.0993470873e-01	6.2025359549e-01	8.5450286120e-05
              372	4.4545786183e-03	6.5271447024e-02	3.0993488841e-01	6.2025366187e-01	8.5424083281e-05
              373	4.4545819783e-03	6.5271224243e-02	3.0993506718e-01	6.2025372713e-01	8.5399463289e-05
              374	4.4545853346e-03	6.5271002012e-02	3.0993524553e-01	6.2025379227e-01	8.5374852637e-05
              375	4.4545886871e-03	6.5270780323e-02	3.0993542346e-01	6.2025385728e-01	8.5350251494e-05
              376	4.4545920429e-03	6.5270559280e-02	3.0993560146e-01	6.2025392312e-01	8.5324094511e-05
              377	4.4545953881e-03	6.5270338668e-02	3.0993577856e-01	6.2025398787e-01	8.5299516728e-05
              378	4.4545987296e-03	6.5270118592e-02	3.0993595524e-01	6.2025405249e-01	8.5274949025e-05
              379	4.4546020675e-03	6.5269899046e-02	3.0993613151e-01	6.2025411698e-01	8.5250389957e-05
              380	4.4546054087e-03	6.5269680135e-02	3.0993630786e-01	6.2025418232e-01	8.5224276817e-05
              381	4.4546087393e-03	6.5269461645e-02	3.0993648332e-01	6.2025424655e-01	8.5199740380e-05
              382	4.4546120663e-03	6.5269243679e-02	3.0993665837e-01	6.2025431067e-01	8.5175212426e-05
              383	4.4546153897e-03	6.5269026234e-02	3.0993683303e-01	6.2025437466e-01	8.5150692911e-05
              384	4.4546187095e-03	6.5268809308e-02	3.0993700728e-01	6.2025443852e-01	8.5126182134e-05
              385	4.4546220257e-03	6.5268592897e-02	3.0993718113e-01	6.2025450227e-01	8.5101678268e-05
              386	4.4546253454e-03	6.5268377101e-02	3.0993735508e-01	6.2025456685e-01	8.5075622404e-05
