#  Region type : all 
#       Cells  : 2349
#       Volume : 3.7500000000e-01
#            Time	weightedVolAverage(CO2)	weightedVolAverage(CO)	weightedVolAverage(N2)
                1	6.5067186639e-03	3.7196388453e-01	6.2152939680e-01
                2	6.5165080778e-03	3.7195631237e-01	6.2152717955e-01
                3	6.5262923293e-03	3.7194874421e-01	6.2152496346e-01
                4	6.5355190988e-03	3.7194160725e-01	6.2152287365e-01
                5	6.5443625391e-03	3.7193476492e-01	6.2152087254e-01
                6	6.5529612850e-03	3.7192811230e-01	6.2151892641e-01
                7	6.5613967662e-03	3.7192159114e-01	6.2151701210e-01
                8	6.5697082107e-03	3.7191516133e-01	6.2151513046e-01
                9	6.5779343005e-03	3.7190879037e-01	6.2151327533e-01
               10	6.5860935764e-03	3.7190247414e-01	6.2151143229e-01
               11	6.5941974227e-03	3.7189622752e-01	6.2150957506e-01
               12	6.6022056084e-03	3.7189003319e-01	6.2150776120e-01
               13	6.6101775325e-03	3.7188386690e-01	6.2150595557e-01
               14	6.6181169045e-03	3.7187772579e-01	6.2150415731e-01
               15	6.6260263759e-03	3.7187160780e-01	6.2150236583e-01
               16	6.6339079150e-03	3.7186551141e-01	6.2150058067e-01
               17	6.6417629674e-03	3.7185943551e-01	6.2149880152e-01
               18	6.6495925696e-03	3.7185337929e-01	6.2149702814e-01
               19	6.6573973972e-03	3.7184734223e-01	6.2149526037e-01
               20	6.6651778082e-03	3.7184132406e-01	6.2149349813e-01
               21	6.6729338621e-03	3.7183532473e-01	6.2149174141e-01
               22	6.6806653319e-03	3.7182934441e-01	6.2148999026e-01
               23	6.6883717009e-03	3.7182338350e-01	6.2148824479e-01
               24	6.6960521521e-03	3.7181744265e-01	6.2148650520e-01
               25	6.7037055748e-03	3.7181152269e-01	6.2148477173e-01
               26	6.7113305513e-03	3.7180562474e-01	6.2148304471e-01
               27	6.7189253494e-03	3.7179975013e-01	6.2148132452e-01
               28	6.7264879202e-03	3.7179390044e-01	6.2147961164e-01
               29	6.7340159000e-03	3.7178807751e-01	6.2147790659e-01
               30	6.7415066138e-03	3.7178228340e-01	6.2147620998e-01
               31	6.7489570759e-03	3.7177652043e-01	6.2147452250e-01
               32	6.7563640074e-03	3.7177079112e-01	6.2147284487e-01
               33	6.7637238455e-03	3.7176509824e-01	6.2147117792e-01
               34	6.7710327638e-03	3.7175944474e-01	6.2146952250e-01
               35	6.7782866911e-03	3.7175383377e-01	6.2146787954e-01
               36	6.7854813477e-03	3.7174826865e-01	6.2146625000e-01
               37	6.7926122659e-03	3.7174275282e-01	6.2146463491e-01
               38	6.7996748233e-03	3.7173728987e-01	6.2146303531e-01
               39	6.8066642725e-03	3.7173188347e-01	6.2146145226e-01
               40	6.8135757871e-03	3.7172653734e-01	6.2145988687e-01
               41	6.8204044975e-03	3.7172125526e-01	6.2145834024e-01
               42	6.8271455069e-03	3.7171604101e-01	6.2145681348e-01
               43	6.8337939498e-03	3.7171089836e-01	6.2145530769e-01
               44	6.8403450215e-03	3.7170583102e-01	6.2145382396e-01
               45	6.8467940101e-03	3.7170084264e-01	6.2145236335e-01
               46	6.8531363274e-03	3.7169593676e-01	6.2145092691e-01
               47	6.8593675409e-03	3.7169111682e-01	6.2144951564e-01
               48	6.8654834093e-03	3.7168638609e-01	6.2144813050e-01
               49	6.8714799004e-03	3.7168174770e-01	6.2144677240e-01
               50	6.8773532188e-03	3.7167720458e-01	6.2144544220e-01
               51	6.8830998211e-03	3.7167275947e-01	6.2144414071e-01
               52	6.8887164440e-03	3.7166841489e-01	6.2144286866e-01
               53	6.8942001055e-03	3.7166417316e-01	6.2144162674e-01
               54	6.8995481319e-03	3.7166003633e-01	6.2144041553e-01
               55	6.9047581515e-03	3.7165600625e-01	6.2143923559e-01
               56	6.9098281167e-03	3.7165208450e-01	6.2143808738e-01
               57	6.9147563028e-03	3.7164827242e-01	6.2143697128e-01
               58	6.9195413004e-03	3.7164457108e-01	6.2143588762e-01
               59	6.9241820209e-03	3.7164098134e-01	6.2143483664e-01
               60	6.9286776935e-03	3.7163750380e-01	6.2143381851e-01
               61	6.9330278551e-03	3.7163413880e-01	6.2143283335e-01
               62	6.9372323556e-03	3.7163088647e-01	6.2143188117e-01
               63	6.9412913293e-03	3.7162774670e-01	6.2143096197e-01
               64	6.9452052115e-03	3.7162471917e-01	6.2143007562e-01
               65	6.9489747608e-03	3.7162180327e-01	6.2142922197e-01
               66	6.9526009070e-03	3.7161899829e-01	6.2142840080e-01
               67	6.9560848153e-03	3.7161630333e-01	6.2142761185e-01
               68	6.9594279324e-03	3.7161371728e-01	6.2142685479e-01
               69	6.9626319051e-03	3.7161123885e-01	6.2142612924e-01
               70	6.9656986005e-03	3.7160886661e-01	6.2142543479e-01
               71	6.9686300649e-03	3.7160659897e-01	6.2142477096e-01
               72	6.9714285192e-03	3.7160443422e-01	6.2142413726e-01
               73	6.9740963448e-03	3.7160237050e-01	6.2142353315e-01
               74	6.9766360558e-03	3.7160040589e-01	6.2142295806e-01
               75	6.9790503055e-03	3.7159853832e-01	6.2142241138e-01
               76	6.9813418484e-03	3.7159676566e-01	6.2142189249e-01
               77	6.9835135371e-03	3.7159508572e-01	6.2142140074e-01
               78	6.9855683092e-03	3.7159349621e-01	6.2142093548e-01
               79	6.9875091794e-03	3.7159199481e-01	6.2142049601e-01
               80	6.9893392114e-03	3.7159057914e-01	6.2142008165e-01
               81	6.9910615162e-03	3.7158924681e-01	6.2141969168e-01
               82	6.9926792391e-03	3.7158799536e-01	6.2141932540e-01
               83	6.9941955483e-03	3.7158682237e-01	6.2141898208e-01
               84	6.9956136203e-03	3.7158572537e-01	6.2141866101e-01
               85	6.9969366433e-03	3.7158470188e-01	6.2141836147e-01
               86	6.9981677859e-03	3.7158374947e-01	6.2141808274e-01
               87	6.9993102105e-03	3.7158286569e-01	6.2141782410e-01
               88	7.0003670546e-03	3.7158204811e-01	6.2141758484e-01
               89	7.0013414293e-03	3.7158129432e-01	6.2141736425e-01
               90	7.0022364107e-03	3.7158060194e-01	6.2141716165e-01
               91	7.0030550204e-03	3.7157996864e-01	6.2141697634e-01
               92	7.0038002470e-03	3.7157939211e-01	6.2141680764e-01
               93	7.0044750280e-03	3.7157887007e-01	6.2141665491e-01
               94	7.0050822358e-03	3.7157840030e-01	6.2141651747e-01
               95	7.0056246884e-03	3.7157798062e-01	6.2141639470e-01
               96	7.0061051420e-03	3.7157760890e-01	6.2141628596e-01
               97	7.0065262868e-03	3.7157728305e-01	6.2141619066e-01
               98	7.0068907455e-03	3.7157700106e-01	6.2141610819e-01
               99	7.0072010724e-03	3.7157676095e-01	6.2141603798e-01
              100	7.0074597469e-03	3.7157656078e-01	6.2141597947e-01
              101	7.0076691796e-03	3.7157639871e-01	6.2141593211e-01
              102	7.0078317115e-03	3.7157627292e-01	6.2141589537e-01
              103	7.0079496039e-03	3.7157618167e-01	6.2141586873e-01
              104	7.0080250493e-03	3.7157612324e-01	6.2141585171e-01
              105	7.0080601699e-03	3.7157609601e-01	6.2141584382e-01
              106	7.0080570058e-03	3.7157609840e-01	6.2141584459e-01
              107	7.0080175375e-03	3.7157612887e-01	6.2141585359e-01
              108	7.0079436637e-03	3.7157618596e-01	6.2141587038e-01
              109	7.0078372156e-03	3.7157626824e-01	6.2141589454e-01
              110	7.0076999579e-03	3.7157637436e-01	6.2141592568e-01
              111	7.0075335787e-03	3.7157650301e-01	6.2141596342e-01
              112	7.0073397069e-03	3.7157665292e-01	6.2141600737e-01
              113	7.0071199005e-03	3.7157682289e-01	6.2141605720e-01
              114	7.0068756538e-03	3.7157701178e-01	6.2141611257e-01
              115	7.0066083935e-03	3.7157721846e-01	6.2141617314e-01
              116	7.0063194970e-03	3.7157744189e-01	6.2141623862e-01
              117	7.0060102735e-03	3.7157768103e-01	6.2141630869e-01
              118	7.0056819755e-03	3.7157793494e-01	6.2141638309e-01
              119	7.0053357941e-03	3.7157820268e-01	6.2141646153e-01
              120	7.0049728727e-03	3.7157848336e-01	6.2141654376e-01
              121	7.0045943048e-03	3.7157877616e-01	6.2141662954e-01
              122	7.0042011227e-03	3.7157908026e-01	6.2141671862e-01
              123	7.0037943162e-03	3.7157939489e-01	6.2141681079e-01
              124	7.0033748261e-03	3.7157971934e-01	6.2141690583e-01
              125	7.0029435392e-03	3.7158005292e-01	6.2141700354e-01
              126	7.0025013116e-03	3.7158039496e-01	6.2141710373e-01
              127	7.0020489466e-03	3.7158074484e-01	6.2141720621e-01
              128	7.0015872089e-03	3.7158110198e-01	6.2141731081e-01
              129	7.0011168260e-03	3.7158146580e-01	6.2141741737e-01
              130	7.0006384891e-03	3.7158183578e-01	6.2141752574e-01
              131	7.0001528445e-03	3.7158221140e-01	6.2141763575e-01
              132	6.9996605099e-03	3.7158259221e-01	6.2141774728e-01
              133	6.9991620732e-03	3.7158297774e-01	6.2141786019e-01
              134	6.9986580830e-03	3.7158336756e-01	6.2141797436e-01
              135	6.9981490605e-03	3.7158376127e-01	6.2141808967e-01
              136	6.9976355065e-03	3.7158415850e-01	6.2141820600e-01
              137	6.9971178820e-03	3.7158455887e-01	6.2141832325e-01
              138	6.9965966243e-03	3.7158496205e-01	6.2141844133e-01
              139	6.9960721489e-03	3.7158536772e-01	6.2141856013e-01
              140	6.9955448420e-03	3.7158577558e-01	6.2141867958e-01
              141	6.9950150735e-03	3.7158618535e-01	6.2141879958e-01
              142	6.9944831903e-03	3.7158659675e-01	6.2141892006e-01
              143	6.9939495125e-03	3.7158700954e-01	6.2141904094e-01
              144	6.9934143435e-03	3.7158742349e-01	6.2141916217e-01
              145	6.9928779651e-03	3.7158783837e-01	6.2141928366e-01
              146	6.9923406505e-03	3.7158825398e-01	6.2141940537e-01
              147	6.9918026535e-03	3.7158867011e-01	6.2141952723e-01
              148	6.9912642065e-03	3.7158908660e-01	6.2141964920e-01
              149	6.9907255276e-03	3.7158950326e-01	6.2141977121e-01
              150	6.9901868197e-03	3.7158991995e-01	6.2141989323e-01
              151	6.9896482815e-03	3.7159033650e-01	6.2142001522e-01
              152	6.9891100876e-03	3.7159075279e-01	6.2142013712e-01
              153	6.9885724083e-03	3.7159116868e-01	6.2142025891e-01
              154	6.9880353969e-03	3.7159158406e-01	6.2142038054e-01
              155	6.9874992000e-03	3.7159199880e-01	6.2142050200e-01
              156	6.9869639472e-03	3.7159241282e-01	6.2142062323e-01
              157	6.9864297670e-03	3.7159282601e-01	6.2142074423e-01
              158	6.9858967696e-03	3.7159323828e-01	6.2142086495e-01
              159	6.9853650691e-03	3.7159364955e-01	6.2142098538e-01
              160	6.9848347602e-03	3.7159405974e-01	6.2142110550e-01
              161	6.9843059383e-03	3.7159446878e-01	6.2142122528e-01
              162	6.9837786777e-03	3.7159487662e-01	6.2142134471e-01
              163	6.9832530602e-03	3.7159528318e-01	6.2142146376e-01
              164	6.9827291541e-03	3.7159568842e-01	6.2142158242e-01
              165	6.9822070278e-03	3.7159609229e-01	6.2142170069e-01
              166	6.9816867383e-03	3.7159649473e-01	6.2142181853e-01
              167	6.9811683404e-03	3.7159689571e-01	6.2142193595e-01
              168	6.9806518789e-03	3.7159729519e-01	6.2142205293e-01
              169	6.9801374025e-03	3.7159769314e-01	6.2142216946e-01
              170	6.9796249467e-03	3.7159808953e-01	6.2142228553e-01
              171	6.9791145483e-03	3.7159848432e-01	6.2142240113e-01
              172	6.9786062391e-03	3.7159887750e-01	6.2142251626e-01
              173	6.9781000461e-03	3.7159926904e-01	6.2142263092e-01
              174	6.9775959925e-03	3.7159965892e-01	6.2142274508e-01
              175	6.9770941032e-03	3.7160004714e-01	6.2142285876e-01
              176	6.9765943955e-03	3.7160043366e-01	6.2142297194e-01
              177	6.9760968847e-03	3.7160081849e-01	6.2142308463e-01
              178	6.9756015816e-03	3.7160120160e-01	6.2142319681e-01
              179	6.9751085003e-03	3.7160158300e-01	6.2142330850e-01
              180	6.9746176485e-03	3.7160196268e-01	6.2142341967e-01
              181	6.9741290301e-03	3.7160234063e-01	6.2142353034e-01
              182	6.9736426527e-03	3.7160271684e-01	6.2142364051e-01
              183	6.9731585163e-03	3.7160309132e-01	6.2142375016e-01
              184	6.9726766194e-03	3.7160346407e-01	6.2142385931e-01
              185	6.9721969659e-03	3.7160383508e-01	6.2142396795e-01
              186	6.9717195516e-03	3.7160420436e-01	6.2142407608e-01
              187	6.9712443706e-03	3.7160457192e-01	6.2142418371e-01
              188	6.9707714239e-03	3.7160493774e-01	6.2142429083e-01
              189	6.9703007044e-03	3.7160530185e-01	6.2142439745e-01
              190	6.9698322019e-03	3.7160566424e-01	6.2142450356e-01
              191	6.9693659155e-03	3.7160602491e-01	6.2142460917e-01
              192	6.9689018312e-03	3.7160638388e-01	6.2142471429e-01
              193	6.9684399332e-03	3.7160674116e-01	6.2142481891e-01
              194	6.9679802221e-03	3.7160709675e-01	6.2142492303e-01
              195	6.9675226859e-03	3.7160745066e-01	6.2142502666e-01
              196	6.9670673077e-03	3.7160780289e-01	6.2142512980e-01
              197	6.9666140767e-03	3.7160815347e-01	6.2142523246e-01
              198	6.9661629826e-03	3.7160850239e-01	6.2142533463e-01
              199	6.9657140138e-03	3.7160884967e-01	6.2142543632e-01
              200	6.9652671544e-03	3.7160919532e-01	6.2142553753e-01
              201	6.9648223902e-03	3.7160953934e-01	6.2142563827e-01
              202	6.9643797073e-03	3.7160988176e-01	6.2142573853e-01
              203	6.9639390937e-03	3.7161022258e-01	6.2142583833e-01
              204	6.9635005304e-03	3.7161056181e-01	6.2142593766e-01
              205	6.9630640027e-03	3.7161089946e-01	6.2142603653e-01
              206	6.9626295004e-03	3.7161123555e-01	6.2142613495e-01
              207	6.9621970046e-03	3.7161157009e-01	6.2142623290e-01
              208	6.9617664970e-03	3.7161190309e-01	6.2142633041e-01
              209	6.9613379691e-03	3.7161223456e-01	6.2142642747e-01
              210	6.9609114001e-03	3.7161256451e-01	6.2142652409e-01
              211	6.9604867755e-03	3.7161289296e-01	6.2142662026e-01
              212	6.9600640782e-03	3.7161321992e-01	6.2142671600e-01
              213	6.9596433031e-03	3.7161354539e-01	6.2142681131e-01
              214	6.9592244268e-03	3.7161386939e-01	6.2142690618e-01
              215	6.9588074289e-03	3.7161419194e-01	6.2142700063e-01
              216	6.9583922935e-03	3.7161451305e-01	6.2142709465e-01
              217	6.9579790099e-03	3.7161483273e-01	6.2142718826e-01
              218	6.9575675596e-03	3.7161515099e-01	6.2142728145e-01
              219	6.9571579274e-03	3.7161546784e-01	6.2142737423e-01
              220	6.9567500987e-03	3.7161578330e-01	6.2142746660e-01
              221	6.9563440593e-03	3.7161609737e-01	6.2142755857e-01
              222	6.9559397910e-03	3.7161641007e-01	6.2142765013e-01
              223	6.9555372810e-03	3.7161672142e-01	6.2142774130e-01
              224	6.9551365134e-03	3.7161703141e-01	6.2142783207e-01
              225	6.9547374714e-03	3.7161734007e-01	6.2142792245e-01
              226	6.9543401368e-03	3.7161764741e-01	6.2142801245e-01
              227	6.9539444980e-03	3.7161795344e-01	6.2142810206e-01
              228	6.9535505400e-03	3.7161825817e-01	6.2142819129e-01
              229	6.9531582498e-03	3.7161856161e-01	6.2142828014e-01
              230	6.9527676103e-03	3.7161886377e-01	6.2142836862e-01
              231	6.9523786059e-03	3.7161916467e-01	6.2142845673e-01
              232	6.9519912247e-03	3.7161946431e-01	6.2142854447e-01
              233	6.9516054527e-03	3.7161976271e-01	6.2142863184e-01
              234	6.9512212755e-03	3.7162005987e-01	6.2142871886e-01
              235	6.9508386773e-03	3.7162035581e-01	6.2142880551e-01
              236	6.9504576453e-03	3.7162065054e-01	6.2142889181e-01
              237	6.9500781683e-03	3.7162094407e-01	6.2142897776e-01
              238	6.9497002319e-03	3.7162123640e-01	6.2142906337e-01
              239	6.9493238161e-03	3.7162152756e-01	6.2142914862e-01
              240	6.9489489102e-03	3.7162181755e-01	6.2142923354e-01
              241	6.9485755085e-03	3.7162210638e-01	6.2142931811e-01
              242	6.9482035896e-03	3.7162239406e-01	6.2142940235e-01
              243	6.9478331436e-03	3.7162268060e-01	6.2142948625e-01
              244	6.9474641551e-03	3.7162296602e-01	6.2142956983e-01
              245	6.9470966142e-03	3.7162325031e-01	6.2142965307e-01
              246	6.9467305068e-03	3.7162353350e-01	6.2142973599e-01
              247	6.9463658212e-03	3.7162381559e-01	6.2142981859e-01
              248	6.9460025454e-03	3.7162409658e-01	6.2142990087e-01
              249	6.9456406666e-03	3.7162437650e-01	6.2142998284e-01
              250	6.9452801731e-03	3.7162465534e-01	6.2143006449e-01
              251	6.9449210532e-03	3.7162493312e-01	6.2143014583e-01
              252	6.9445632949e-03	3.7162520985e-01	6.2143022686e-01
              253	6.9442068869e-03	3.7162548553e-01	6.2143030758e-01
              254	6.9438518197e-03	3.7162576018e-01	6.2143038800e-01
              255	6.9434980807e-03	3.7162603380e-01	6.2143046812e-01
              256	6.9431456550e-03	3.7162630640e-01	6.2143054795e-01
              257	6.9427945343e-03	3.7162657799e-01	6.2143062747e-01
              258	6.9424447110e-03	3.7162684858e-01	6.2143070671e-01
              259	6.9420961690e-03	3.7162711818e-01	6.2143078565e-01
              260	6.9417489022e-03	3.7162738679e-01	6.2143086430e-01
              261	6.9414028984e-03	3.7162765443e-01	6.2143094267e-01
              262	6.9410581435e-03	3.7162792110e-01	6.2143102076e-01
              263	6.9407146328e-03	3.7162818681e-01	6.2143109856e-01
              264	6.9403723534e-03	3.7162845156e-01	6.2143117608e-01
              265	6.9400312914e-03	3.7162871538e-01	6.2143125333e-01
              266	6.9396914404e-03	3.7162897825e-01	6.2143133031e-01
              267	6.9393527881e-03	3.7162924020e-01	6.2143140701e-01
              268	6.9390153282e-03	3.7162950123e-01	6.2143148344e-01
              269	6.9386790538e-03	3.7162976134e-01	6.2143155961e-01
              270	6.9383439507e-03	3.7163002054e-01	6.2143163551e-01
              271	6.9380100098e-03	3.7163027885e-01	6.2143171114e-01
              272	6.9376772228e-03	3.7163053626e-01	6.2143178652e-01
              273	6.9373455791e-03	3.7163079279e-01	6.2143186163e-01
              274	6.9370150683e-03	3.7163104844e-01	6.2143193649e-01
              275	6.9366856838e-03	3.7163130322e-01	6.2143201110e-01
              276	6.9363574173e-03	3.7163155713e-01	6.2143208545e-01
              277	6.9360302593e-03	3.7163181019e-01	6.2143215955e-01
              278	6.9357042045e-03	3.7163206240e-01	6.2143223340e-01
              279	6.9353792385e-03	3.7163231376e-01	6.2143230700e-01
              280	6.9350553571e-03	3.7163256428e-01	6.2143238036e-01
              281	6.9347325470e-03	3.7163281398e-01	6.2143245347e-01
              282	6.9344108016e-03	3.7163306285e-01	6.2143252635e-01
              283	6.9340901170e-03	3.7163331090e-01	6.2143259898e-01
              284	6.9337704812e-03	3.7163355814e-01	6.2143267138e-01
              285	6.9334518865e-03	3.7163380458e-01	6.2143274354e-01
              286	6.9331343259e-03	3.7163405021e-01	6.2143281546e-01
              287	6.9328177932e-03	3.7163429505e-01	6.2143288716e-01
              288	6.9325022760e-03	3.7163453911e-01	6.2143295862e-01
              289	6.9321877714e-03	3.7163478238e-01	6.2143302985e-01
              290	6.9318742681e-03	3.7163502487e-01	6.2143310086e-01
              291	6.9315617599e-03	3.7163526660e-01	6.2143317164e-01
              292	6.9312502427e-03	3.7163550756e-01	6.2143324220e-01
              293	6.9309397061e-03	3.7163574776e-01	6.2143331253e-01
              294	6.9306301404e-03	3.7163598721e-01	6.2143338265e-01
              295	6.9303215410e-03	3.7163622591e-01	6.2143345254e-01
              296	6.9300139020e-03	3.7163646387e-01	6.2143352222e-01
              297	6.9297072188e-03	3.7163670110e-01	6.2143359169e-01
              298	6.9294014779e-03	3.7163693759e-01	6.2143366093e-01
              299	6.9290966755e-03	3.7163717335e-01	6.2143372997e-01
              300	6.9287928059e-03	3.7163740840e-01	6.2143379880e-01
              301	6.9284898603e-03	3.7163764273e-01	6.2143386741e-01
              302	6.9281878344e-03	3.7163787635e-01	6.2143393582e-01
              303	6.9278867205e-03	3.7163810926e-01	6.2143400402e-01
              304	6.9275865110e-03	3.7163834147e-01	6.2143407202e-01
              305	6.9272871971e-03	3.7163857299e-01	6.2143413981e-01
              306	6.9269887778e-03	3.7163880382e-01	6.2143420740e-01
              307	6.9266912448e-03	3.7163903397e-01	6.2143427479e-01
              308	6.9263945969e-03	3.7163926342e-01	6.2143434198e-01
              309	6.9260988178e-03	3.7163949221e-01	6.2143440897e-01
              310	6.9258039063e-03	3.7163972033e-01	6.2143447577e-01
              311	6.9255098589e-03	3.7163994777e-01	6.2143454237e-01
              312	6.9252166680e-03	3.7164017456e-01	6.2143460877e-01
              313	6.9249243300e-03	3.7164040068e-01	6.2143467499e-01
              314	6.9246328316e-03	3.7164062616e-01	6.2143474101e-01
              315	6.9243421700e-03	3.7164085099e-01	6.2143480684e-01
              316	6.9240523444e-03	3.7164107517e-01	6.2143487249e-01
              317	6.9237633436e-03	3.7164129871e-01	6.2143493794e-01
              318	6.9234751630e-03	3.7164152162e-01	6.2143500322e-01
              319	6.9231878012e-03	3.7164174390e-01	6.2143506830e-01
              320	6.9229012500e-03	3.7164196555e-01	6.2143513320e-01
              321	6.9226155025e-03	3.7164218657e-01	6.2143519792e-01
              322	6.9223305558e-03	3.7164240698e-01	6.2143526246e-01
              323	6.9220463982e-03	3.7164262678e-01	6.2143532682e-01
              324	6.9217630339e-03	3.7164284596e-01	6.2143539100e-01
              325	6.9214804588e-03	3.7164306453e-01	6.2143545501e-01
              326	6.9211986596e-03	3.7164328251e-01	6.2143551883e-01
              327	6.9209176328e-03	3.7164349988e-01	6.2143558248e-01
              328	6.9206373746e-03	3.7164371666e-01	6.2143564596e-01
              329	6.9203578798e-03	3.7164393285e-01	6.2143570927e-01
              330	6.9200791434e-03	3.7164414846e-01	6.2143577240e-01
              331	6.9198011584e-03	3.7164436348e-01	6.2143583536e-01
              332	6.9195239222e-03	3.7164457793e-01	6.2143589815e-01
              333	6.9192474335e-03	3.7164479179e-01	6.2143596078e-01
              334	6.9189716848e-03	3.7164500508e-01	6.2143602323e-01
              335	6.9186966719e-03	3.7164521781e-01	6.2143608552e-01
              336	6.9184223858e-03	3.7164542997e-01	6.2143614765e-01
              337	6.9181488259e-03	3.7164564157e-01	6.2143620961e-01
              338	6.9178759871e-03	3.7164585261e-01	6.2143627140e-01
              339	6.9176038661e-03	3.7164606310e-01	6.2143633304e-01
              340	6.9173324566e-03	3.7164627303e-01	6.2143639451e-01
              341	6.9170617555e-03	3.7164648242e-01	6.2143645582e-01
              342	6.9167917554e-03	3.7164669127e-01	6.2143651698e-01
              343	6.9165224542e-03	3.7164689958e-01	6.2143657797e-01
              344	6.9162538483e-03	3.7164710734e-01	6.2143663881e-01
              345	6.9159859304e-03	3.7164731458e-01	6.2143669949e-01
              346	6.9157187006e-03	3.7164752128e-01	6.2143676002e-01
              347	6.9154521507e-03	3.7164772746e-01	6.2143682039e-01
              348	6.9151862785e-03	3.7164793311e-01	6.2143688061e-01
              349	6.9149210776e-03	3.7164813825e-01	6.2143694067e-01
              350	6.9146565489e-03	3.7164834286e-01	6.2143700059e-01
              351	6.9143926848e-03	3.7164854696e-01	6.2143706035e-01
              352	6.9141294818e-03	3.7164875055e-01	6.2143711997e-01
              353	6.9138669339e-03	3.7164895363e-01	6.2143717943e-01
              354	6.9136050407e-03	3.7164915621e-01	6.2143723875e-01
              355	6.9133437995e-03	3.7164935828e-01	6.2143729792e-01
              356	6.9130832040e-03	3.7164955985e-01	6.2143735694e-01
              357	6.9128232520e-03	3.7164976093e-01	6.2143741582e-01
              358	6.9125639388e-03	3.7164996151e-01	6.2143747455e-01
              359	6.9123052533e-03	3.7165016160e-01	6.2143753315e-01
              360	6.9120471994e-03	3.7165036121e-01	6.2143759159e-01
              361	6.9117897732e-03	3.7165056033e-01	6.2143764990e-01
              362	6.9115329725e-03	3.7165075896e-01	6.2143770806e-01
              363	6.9112767917e-03	3.7165095712e-01	6.2143776609e-01
              364	6.9110212253e-03	3.7165115480e-01	6.2143782397e-01
              365	6.9107662733e-03	3.7165135201e-01	6.2143788172e-01
              366	6.9105119278e-03	3.7165154875e-01	6.2143793933e-01
              367	6.9102581899e-03	3.7165174501e-01	6.2143799680e-01
              368	6.9100050518e-03	3.7165194082e-01	6.2143805413e-01
              369	6.9097525146e-03	3.7165213616e-01	6.2143811133e-01
              370	6.9095005725e-03	3.7165233104e-01	6.2143816839e-01
              371	6.9092492242e-03	3.7165252545e-01	6.2143822532e-01
              372	6.9089984657e-03	3.7165271942e-01	6.2143828212e-01
              373	6.9087482929e-03	3.7165291293e-01	6.2143833878e-01
              374	6.9084986989e-03	3.7165310599e-01	6.2143839531e-01
              375	6.9082496888e-03	3.7165329860e-01	6.2143845171e-01
              376	6.9080012503e-03	3.7165349077e-01	6.2143850798e-01
              377	6.9077533839e-03	3.7165368249e-01	6.2143856412e-01
              378	6.9075060867e-03	3.7165387378e-01	6.2143862013e-01
              379	6.9072593537e-03	3.7165406463e-01	6.2143867602e-01
              380	6.9070131886e-03	3.7165425504e-01	6.2143873177e-01
              381	6.9067675829e-03	3.7165444502e-01	6.2143878740e-01
              382	6.9065225321e-03	3.7165463456e-01	6.2143884290e-01
              383	6.9062780338e-03	3.7165482368e-01	6.2143889828e-01
              384	6.9060340885e-03	3.7165501238e-01	6.2143895353e-01
              385	6.9057906909e-03	3.7165520065e-01	6.2143900866e-01
              386	6.9055478378e-03	3.7165538849e-01	6.2143906367e-01
              387	6.9053055291e-03	3.7165557592e-01	6.2143911855e-01
              388	6.9050637592e-03	3.7165576293e-01	6.2143917331e-01
              389	6.9048225223e-03	3.7165594953e-01	6.2143922795e-01
              390	6.9045818225e-03	3.7165613571e-01	6.2143928247e-01
              391	6.9043416485e-03	3.7165632149e-01	6.2143933686e-01
              392	6.9041020054e-03	3.7165650685e-01	6.2143939114e-01
              393	6.9038628881e-03	3.7165669181e-01	6.2143944530e-01
              394	6.9036242953e-03	3.7165687636e-01	6.2143949934e-01
              395	6.9033862192e-03	3.7165706052e-01	6.2143955326e-01
              396	6.9031486608e-03	3.7165724427e-01	6.2143960707e-01
              397	6.9029116197e-03	3.7165742762e-01	6.2143966076e-01
              398	6.9026750883e-03	3.7165761058e-01	6.2143971433e-01
              399	6.9024390622e-03	3.7165779315e-01	6.2143976779e-01
              400	6.9022035416e-03	3.7165797532e-01	6.2143982113e-01
              401	6.9019685244e-03	3.7165815711e-01	6.2143987436e-01
              402	6.9017340110e-03	3.7165833851e-01	6.2143992748e-01
              403	6.9014999979e-03	3.7165851952e-01	6.2143998048e-01
              404	6.9012664802e-03	3.7165870015e-01	6.2144003337e-01
              405	6.9010334519e-03	3.7165888039e-01	6.2144008615e-01
              406	6.9008009171e-03	3.7165906026e-01	6.2144013882e-01
              407	6.9005688690e-03	3.7165923975e-01	6.2144019138e-01
              408	6.9003373085e-03	3.7165941886e-01	6.2144024383e-01
              409	6.9001062333e-03	3.7165959760e-01	6.2144029616e-01
              410	6.8998756379e-03	3.7165977597e-01	6.2144034839e-01
              411	6.8996455253e-03	3.7165995396e-01	6.2144040051e-01
              412	6.8994158867e-03	3.7166013159e-01	6.2144045252e-01
              413	6.8991867206e-03	3.7166030885e-01	6.2144050443e-01
              414	6.8989580276e-03	3.7166048575e-01	6.2144055623e-01
              415	6.8987298069e-03	3.7166066227e-01	6.2144060792e-01
              416	6.8985020532e-03	3.7166083844e-01	6.2144065950e-01
              417	6.8982747635e-03	3.7166101425e-01	6.2144071098e-01
              418	6.8980479353e-03	3.7166118971e-01	6.2144076236e-01
              419	6.8978215675e-03	3.7166136480e-01	6.2144081363e-01
              420	6.8975956596e-03	3.7166153954e-01	6.2144086480e-01
              421	6.8973702062e-03	3.7166171393e-01	6.2144091586e-01
              422	6.8971452043e-03	3.7166188797e-01	6.2144096682e-01
              423	6.8969206582e-03	3.7166206166e-01	6.2144101768e-01
              424	6.8966965595e-03	3.7166223500e-01	6.2144106844e-01
              425	6.8964729055e-03	3.7166240800e-01	6.2144111910e-01
              426	6.8962496973e-03	3.7166258065e-01	6.2144116965e-01
              427	6.8960269337e-03	3.7166275296e-01	6.2144122011e-01
              428	6.8958046113e-03	3.7166292493e-01	6.2144127046e-01
              429	6.8955827248e-03	3.7166309656e-01	6.2144132072e-01
              430	6.8953612781e-03	3.7166326785e-01	6.2144137087e-01
              431	6.8951402610e-03	3.7166343881e-01	6.2144142093e-01
              432	6.8949196772e-03	3.7166360943e-01	6.2144147089e-01
              433	6.8946995268e-03	3.7166377972e-01	6.2144152076e-01
              434	6.8944798056e-03	3.7166394967e-01	6.2144157052e-01
              435	6.8942605103e-03	3.7166411930e-01	6.2144162019e-01
              436	6.8940416397e-03	3.7166428860e-01	6.2144166977e-01
              437	6.8938231921e-03	3.7166445757e-01	6.2144171924e-01
              438	6.8936051654e-03	3.7166462621e-01	6.2144176862e-01
              439	6.8933875591e-03	3.7166479453e-01	6.2144181791e-01
              440	6.8931703700e-03	3.7166496253e-01	6.2144186710e-01
              441	6.8929535947e-03	3.7166513020e-01	6.2144191620e-01
              442	6.8927372345e-03	3.7166529756e-01	6.2144196521e-01
              443	6.8925212832e-03	3.7166546460e-01	6.2144201412e-01
              444	6.8923057438e-03	3.7166563132e-01	6.2144206294e-01
              445	6.8920906106e-03	3.7166579773e-01	6.2144211166e-01
              446	6.8918758808e-03	3.7166596382e-01	6.2144216030e-01
              447	6.8916615564e-03	3.7166612960e-01	6.2144220884e-01
              448	6.8914476332e-03	3.7166629507e-01	6.2144225729e-01
              449	6.8912341105e-03	3.7166646023e-01	6.2144230566e-01
              450	6.8910209882e-03	3.7166662508e-01	6.2144235393e-01
              451	6.8908082606e-03	3.7166678963e-01	6.2144240211e-01
              452	6.8905959277e-03	3.7166695387e-01	6.2144245020e-01
              453	6.8903839883e-03	3.7166711781e-01	6.2144249821e-01
              454	6.8901724405e-03	3.7166728144e-01	6.2144254612e-01
              455	6.8899612815e-03	3.7166744477e-01	6.2144259395e-01
              456	6.8897505127e-03	3.7166760780e-01	6.2144264168e-01
              457	6.8895401310e-03	3.7166777053e-01	6.2144268933e-01
              458	6.8893301362e-03	3.7166793297e-01	6.2144273690e-01
              459	6.8891205233e-03	3.7166809510e-01	6.2144278437e-01
              460	6.8889112893e-03	3.7166825695e-01	6.2144283176e-01
              461	6.8887024380e-03	3.7166841849e-01	6.2144287907e-01
              462	6.8884939634e-03	3.7166857975e-01	6.2144292629e-01
              463	6.8882858661e-03	3.7166874071e-01	6.2144297342e-01
              464	6.8880781445e-03	3.7166890139e-01	6.2144302047e-01
              465	6.8878707970e-03	3.7166906177e-01	6.2144306743e-01
              466	6.8876638184e-03	3.7166922187e-01	6.2144311431e-01
              467	6.8874572071e-03	3.7166938169e-01	6.2144316111e-01
              468	6.8872509677e-03	3.7166954121e-01	6.2144320782e-01
              469	6.8870450971e-03	3.7166970045e-01	6.2144325445e-01
              470	6.8868395909e-03	3.7166985941e-01	6.2144330099e-01
              471	6.8866344492e-03	3.7167001809e-01	6.2144334746e-01
              472	6.8864296677e-03	3.7167017649e-01	6.2144339384e-01
              473	6.8862252480e-03	3.7167033461e-01	6.2144344014e-01
              474	6.8860211889e-03	3.7167049245e-01	6.2144348636e-01
              475	6.8858174873e-03	3.7167065002e-01	6.2144353250e-01
              476	6.8856141389e-03	3.7167080731e-01	6.2144357855e-01
              477	6.8854111472e-03	3.7167096432e-01	6.2144362453e-01
              478	6.8852085117e-03	3.7167112106e-01	6.2144367043e-01
              479	6.8850062262e-03	3.7167127753e-01	6.2144371624e-01
              480	6.8848042908e-03	3.7167143373e-01	6.2144376198e-01
              481	6.8846027061e-03	3.7167158966e-01	6.2144380764e-01
              482	6.8844014666e-03	3.7167174532e-01	6.2144385322e-01
              483	6.8842005761e-03	3.7167190071e-01	6.2144389872e-01
              484	6.8840000319e-03	3.7167205583e-01	6.2144394414e-01
              485	6.8837998335e-03	3.7167221068e-01	6.2144398948e-01
              486	6.8835999732e-03	3.7167236528e-01	6.2144403475e-01
              487	6.8834004535e-03	3.7167251960e-01	6.2144407994e-01
              488	6.8832012745e-03	3.7167267367e-01	6.2144412505e-01
              489	6.8830024363e-03	3.7167282747e-01	6.2144417009e-01
              490	6.8828039333e-03	3.7167298102e-01	6.2144421505e-01
              491	6.8826057642e-03	3.7167313430e-01	6.2144425994e-01
              492	6.8824079260e-03	3.7167328733e-01	6.2144430474e-01
              493	6.8822104232e-03	3.7167344010e-01	6.2144434948e-01
              494	6.8820132529e-03	3.7167359261e-01	6.2144439414e-01
              495	6.8818164135e-03	3.7167374487e-01	6.2144443872e-01
              496	6.8816199030e-03	3.7167389687e-01	6.2144448323e-01
              497	6.8814237193e-03	3.7167404862e-01	6.2144452766e-01
              498	6.8812278623e-03	3.7167420011e-01	6.2144457202e-01
              499	6.8810323297e-03	3.7167435136e-01	6.2144461631e-01
              500	6.8808371219e-03	3.7167450235e-01	6.2144466052e-01
              501	6.8806422359e-03	3.7167465310e-01	6.2144470466e-01
              502	6.8804476717e-03	3.7167480360e-01	6.2144474873e-01
              503	6.8802534255e-03	3.7167495385e-01	6.2144479273e-01
              504	6.8800594987e-03	3.7167510385e-01	6.2144483665e-01
              505	6.8798658888e-03	3.7167525361e-01	6.2144488050e-01
              506	6.8796725929e-03	3.7167540312e-01	6.2144492428e-01
              507	6.8794796141e-03	3.7167555239e-01	6.2144496799e-01
              508	6.8792869502e-03	3.7167570142e-01	6.2144501163e-01
              509	6.8790946013e-03	3.7167585020e-01	6.2144505520e-01
              510	6.8789025629e-03	3.7167599874e-01	6.2144509869e-01
              511	6.8787108346e-03	3.7167614705e-01	6.2144514212e-01
              512	6.8785194152e-03	3.7167629511e-01	6.2144518547e-01
              513	6.8783283023e-03	3.7167644294e-01	6.2144522876e-01
              514	6.8781374964e-03	3.7167659053e-01	6.2144527198e-01
              515	6.8779469959e-03	3.7167673788e-01	6.2144531512e-01
              516	6.8777568036e-03	3.7167688500e-01	6.2144535820e-01
              517	6.8775669133e-03	3.7167703188e-01	6.2144540121e-01
              518	6.8773773261e-03	3.7167717852e-01	6.2144544415e-01
              519	6.8771880396e-03	3.7167732494e-01	6.2144548702e-01
              520	6.8769990528e-03	3.7167747112e-01	6.2144552983e-01
              521	6.8768103670e-03	3.7167761707e-01	6.2144557256e-01
              522	6.8766219785e-03	3.7167776279e-01	6.2144561523e-01
              523	6.8764338858e-03	3.7167790828e-01	6.2144565784e-01
              524	6.8762460879e-03	3.7167805354e-01	6.2144570037e-01
              525	6.8760585863e-03	3.7167819857e-01	6.2144574284e-01
              526	6.8758713769e-03	3.7167834338e-01	6.2144578524e-01
              527	6.8756844600e-03	3.7167848796e-01	6.2144582758e-01
              528	6.8754978352e-03	3.7167863232e-01	6.2144586985e-01
              529	6.8753115013e-03	3.7167877645e-01	6.2144591205e-01
              530	6.8751254557e-03	3.7167892036e-01	6.2144595419e-01
              531	6.8749396991e-03	3.7167906404e-01	6.2144599626e-01
              532	6.8747542292e-03	3.7167920750e-01	6.2144603827e-01
              533	6.8745690465e-03	3.7167935074e-01	6.2144608021e-01
              534	6.8743841476e-03	3.7167949376e-01	6.2144612209e-01
              535	6.8741995341e-03	3.7167963656e-01	6.2144616391e-01
              536	6.8740152050e-03	3.7167977914e-01	6.2144620565e-01
              537	6.8738311576e-03	3.7167992150e-01	6.2144624734e-01
              538	6.8736473926e-03	3.7168006364e-01	6.2144628896e-01
              539	6.8734639072e-03	3.7168020557e-01	6.2144633052e-01
              540	6.8732807003e-03	3.7168034728e-01	6.2144637202e-01
              541	6.8730977703e-03	3.7168048878e-01	6.2144641345e-01
              542	6.8729151179e-03	3.7168063006e-01	6.2144645482e-01
              543	6.8727327438e-03	3.7168077113e-01	6.2144649613e-01
              544	6.8725506443e-03	3.7168091198e-01	6.2144653737e-01
              545	6.8723688191e-03	3.7168105263e-01	6.2144657855e-01
              546	6.8721872666e-03	3.7168119306e-01	6.2144661967e-01
              547	6.8720059872e-03	3.7168133328e-01	6.2144666073e-01
              548	6.8718249784e-03	3.7168147329e-01	6.2144670173e-01
              549	6.8716442394e-03	3.7168161309e-01	6.2144674267e-01
              550	6.8714637710e-03	3.7168175269e-01	6.2144678354e-01
              551	6.8712835723e-03	3.7168189207e-01	6.2144682436e-01
              552	6.8711036416e-03	3.7168203125e-01	6.2144686511e-01
              553	6.8709239814e-03	3.7168217022e-01	6.2144690580e-01
              554	6.8707445864e-03	3.7168230898e-01	6.2144694643e-01
              555	6.8705654540e-03	3.7168244754e-01	6.2144698701e-01
              556	6.8703865859e-03	3.7168258589e-01	6.2144702752e-01
              557	6.8702079821e-03	3.7168272405e-01	6.2144706797e-01
              558	6.8700296402e-03	3.7168286199e-01	6.2144710837e-01
              559	6.8698515592e-03	3.7168299974e-01	6.2144714870e-01
              560	6.8696737410e-03	3.7168313728e-01	6.2144718898e-01
              561	6.8694961832e-03	3.7168327463e-01	6.2144722919e-01
              562	6.8693188821e-03	3.7168341177e-01	6.2144726935e-01
              563	6.8691418381e-03	3.7168354871e-01	6.2144730945e-01
              564	6.8689650518e-03	3.7168368546e-01	6.2144734949e-01
              565	6.8687885200e-03	3.7168382201e-01	6.2144738947e-01
              566	6.8686122456e-03	3.7168395836e-01	6.2144742940e-01
              567	6.8684362251e-03	3.7168409451e-01	6.2144746927e-01
              568	6.8682604596e-03	3.7168423046e-01	6.2144750908e-01
              569	6.8680849470e-03	3.7168436622e-01	6.2144754883e-01
              570	6.8679096883e-03	3.7168450179e-01	6.2144758852e-01
              571	6.8677346779e-03	3.7168463716e-01	6.2144762816e-01
              572	6.8675599204e-03	3.7168477233e-01	6.2144766775e-01
              573	6.8673854127e-03	3.7168490732e-01	6.2144770727e-01
              574	6.8672111544e-03	3.7168504211e-01	6.2144774674e-01
              575	6.8670371446e-03	3.7168517670e-01	6.2144778615e-01
              576	6.8668633801e-03	3.7168531111e-01	6.2144782551e-01
              577	6.8666898630e-03	3.7168544533e-01	6.2144786481e-01
